1462038583291413
1462038583292624
1462038583293818
1462038583294982
1462038583296137
1462038583297289
1462038583298445
1462038583299581
1462038583300708
1462038583301822
1462038583303074
1462038583304250
1462038583305374
1462038583306506
1462038583307675
1462038583308824
1462038583310003
1462038583311158
1462038583312292
1462038583313442
1462038583314575
1462038583315686
1462038583316871
1462038583318117
1462038583319272
1462038583320464
1462038583321615
1462038583322767
1462038583323915
1462038583325071
1462038583326217
1462038583327400
1462038583328563
1462038583329748
1462038583330951
1462038583332123
1462038583333309
1462038583334493
1462038583335697
1462038583336882
1462038583338064
1462038583339246
1462038583340414
1462038583341584
1462038583342757
1462038583343938
1462038583345114
1462038583346296
1462038583347455
1462038583348579
1462038583349697
1462038583350808
1462038583351923
1462038583353108
1462038583354321
1462038583355533
1462038583356710
1462038583357907
1462038583359107
1462038583360245
1462038583361423
1462038583362578
1462038583363731
1462038583364888
1462038583366041
1462038583367200
1462038583368356
1462038583369501
1462038583370608
1462038583371766
1462038583372934
1462038583374072
1462038583375186
1462038583376335
1462038583377463
1462038583378575
1462038583379717
1462038583380864
1462038583382011
1462038583383160
1462038583384277
1462038583385428
1462038583386576
1462038583387720
1462038583388865
1462038583390009
1462038583391157
1462038583392301
1462038583393428
1462038583394567
1462038583395710
1462038583396856
1462038583398002
1462038583399152
1462038583400298
1462038583401444
1462038583402593
1462038583403736
1462038583404881
1462038583406025
1462038583407184
1462038583408314
1462038583409430
1462038583410547
1462038583411685
1462038583412833
1462038583413976
1462038583415136
1462038583416268
1462038583417413
1462038583418566
1462038583419710
1462038583420856
1462038583422008
1462038583423155
1462038583424338
1462038583425542
1462038583426730
1462038583427875
1462038583429024
1462038583430175
1462038583431330
1462038583432483
1462038583433631
1462038583434761
1462038583435901
1462038583437054
1462038583438184
1462038583439301
1462038583440401
1462038583441516
1462038583442661
1462038583443849
1462038583445035
1462038583446210
1462038583447373
1462038583448511
1462038583449662
1462038583450814
1462038583451963
1462038583453112
1462038583454262
1462038583455453
1462038583456663
1462038583457859
1462038583459039
1462038583460220
1462038583461383
1462038583462548
1462038583463687
1462038583464837
1462038583465988
1462038583467143
1462038583468292
1462038583469424
1462038583470526
1462038583471629
1462038583472773
1462038583473928
1462038583475093
1462038583476272
1462038583477434
1462038583478607
1462038583479744
1462038583480894
1462038583482047
1462038583483198
1462038583484350
1462038583485498
1462038583486652
1462038583487801
1462038583488952
1462038583490103
1462038583491257
1462038583492410
1462038583493528
1462038583494615
1462038583495756
1462038583496942
1462038583498120
1462038583499304
1462038583500451
1462038583501557
1462038583502647
1462038583503783
1462038583504934
1462038583506085
1462038583507249
1462038583508390
1462038583509553
1462038583510709
1462038583511858
1462038583513006
1462038583514157
1462038583515311
1462038583516463
1462038583517579
1462038583518663
1462038583519821
1462038583521018
1462038583522197
1462038583523372
1462038583524524
1462038583525673
1462038583526828
1462038583527976
1462038583529127
1462038583530278
1462038583531423
1462038583532547
1462038583533664
1462038583534783
1462038583536025
1462038583537138
1462038583538305
1462038583539489
1462038583540659
1462038583541790
1462038583542971
1462038583544154
1462038583545336
1462038583546494
1462038583547688
1462038583548834
1462038583549979
1462038583551128
1462038583552272
1462038583553426
1462038583554573
1462038583555715
1462038583556859
1462038583558003
1462038583559119
1462038583560263
1462038583561402
1462038583562538
1462038583563688
1462038583564847
1462038583566002
1462038583567109
1462038583568287
1462038583569485
1462038583570672
1462038583571852
1462038583573023
1462038583574191
1462038583575352
1462038583576508
1462038583577666
1462038583578824
1462038583579958
1462038583581107
1462038583582264
1462038583583423
1462038583584581
1462038583585740
1462038583586898
1462038583588036
1462038583589170
1462038583590264
1462038583591374
1462038583592498
1462038583593626
1462038583594734
1462038583595858
1462038583597007
1462038583598185
1462038583599380
1462038583600545
1462038583601702
1462038583602862
1462038583604019
1462038583605180
1462038583606337
1462038583607498
1462038583608658
1462038583609813
1462038583610972
1462038583612128
1462038583613254
1462038583614376
1462038583615531
1462038583616711
1462038583617900
1462038583619058
1462038583620209
1462038583621358
1462038583622498
1462038583623653
1462038583624817
1462038583625998
1462038583627171
1462038583628331
1462038583629488
1462038583630651
1462038583631811
1462038583632968
1462038583634126
1462038583635286
1462038583636473
1462038583637628
1462038583638727
1462038583639940
1462038583641148
1462038583642338
1462038583643529
1462038583644718
1462038583645904
1462038583647096
1462038583648283
1462038583649472
1462038583650669
1462038583651856
1462038583653020
1462038583654145
1462038583655283
1462038583656435
1462038583657622
1462038583658795
1462038583659954
1462038583661132
1462038583662318
1462038583663448
1462038583664592
1462038583665768
1462038583666946
1462038583668115
1462038583669301
1462038583670486
1462038583671672
1462038583672821
1462038583673971
1462038583675123
1462038583676272
1462038583677426
1462038583678579
1462038583679727
1462038583680878
1462038583682024
1462038583683163
1462038583684283
1462038583686025
1462038583687150
1462038583688250
1462038583689377
1462038583690530
1462038583691690
1462038583692861
1462038583694009
1462038583695162
1462038583696311
1462038583697460
1462038583698614
1462038583699763
1462038583700913
1462038583702062
1462038583703215
1462038583704379
1462038583705528
1462038583706683
1462038583707832
1462038583708982
1462038583710106
1462038583711212
1462038583712359
1462038583713503
1462038583714631
1462038583715777
1462038583716965
1462038583718146
1462038583719326
1462038583720467
1462038583721613
1462038583722763
1462038583723904
1462038583725049
1462038583726191
1462038583727348
1462038583728497
1462038583729644
1462038583730795
1462038583731948
1462038583733091
1462038583734246
1462038583735352
1462038583736523
1462038583737705
1462038583738859
1462038583740008
1462038583741158
1462038583742304
1462038583743456
1462038583744572
1462038583745676
1462038583746786
1462038583747941
1462038583749107
1462038583750259
1462038583751410
1462038583752549
1462038583753703
1462038583754854
1462038583756004
1462038583757155
1462038583758282
1462038583759411
1462038583760523
1462038583761686
1462038583762847
1462038583763989
1462038583765133
1462038583766277
1462038583767430
1462038583768576
1462038583769720
1462038583770866
1462038583772009
1462038583773155
1462038583774298
1462038583775439
1462038583776575
1462038583777693
1462038583778798
1462038583779957
1462038583781127
1462038583782281
1462038583783437
1462038583784562
1462038583785704
1462038583786851
1462038583788013
1462038583789175
1462038583790325
1462038583791477
1462038583792626
1462038583793752
1462038583794900
1462038583796047
1462038583797195
1462038583798355
1462038583799505
1462038583800655
1462038583801804
1462038583802957
1462038583804078
1462038583805210
1462038583806339
1462038583807447
1462038583808574
1462038583809691
1462038583810843
1462038583811991
1462038583813141
1462038583814292
1462038583815478
1462038583816657
1462038583817808
1462038583818961
1462038583820110
1462038583821259
1462038583822410
1462038583823560
1462038583824715
1462038583825865
1462038583827018
1462038583828190
1462038583829328
1462038583830468
1462038583831643
1462038583832798
1462038583833953
1462038583835111
1462038583836271
1462038583837414
1462038583838559
1462038583839736
1462038583840971
1462038583842163
1462038583843364
1462038583844553
1462038583845742
1462038583846934
1462038583848113
1462038583849290
1462038583850455
1462038583851649
1462038583852797
1462038583853935
1462038583855074
1462038583856250
1462038583857435
1462038583858591
1462038583859741
1462038583860891
1462038583862041
1462038583863196
1462038583864348
1462038583865493
1462038583866634
1462038583867769
1462038583868878
1462038583870023
1462038583871216
1462038583872390
1462038583873573
1462038583874730
1462038583875880
1462038583877029
1462038583878173
1462038583879287
1462038583880412
1462038583881562
1462038583882712
1462038583883858
1462038583884981
1462038583886122
1462038583887252
1462038583888404
1462038583889554
1462038583890713
1462038583891867
1462038583893018
1462038583894169
1462038583895320
1462038583896469
1462038583897619
1462038583898768
1462038583899908
1462038583901036
1462038583902204
1462038583903341
1462038583904515
1462038583905721
1462038583906916
1462038583908093
1462038583909280
1462038583910457
1462038583911676
1462038583912834
1462038583913990
1462038583915150
1462038583916308
1462038583917466
1462038583918630
1462038583919791
1462038583920947
1462038583922105
1462038583923264
1462038583924416
1462038583925549
1462038583926663
1462038583927781
1462038583928911
1462038583930023
1462038583931153
1462038583932314
1462038583933497
1462038583934674
1462038583935810
1462038583936955
1462038583938099
1462038583939247
1462038583940393
1462038583941547
1462038583942694
1462038583943837
1462038583944983
1462038583946141
1462038583947345
1462038583948476
1462038583949637
1462038583950784
1462038583951891
1462038583953028
1462038583954174
1462038583955321
1462038583956465
1462038583957610
1462038583958759
1462038583959888
1462038583961005
1462038583962126
1462038583963277
1462038583964429
1462038583965559
1462038583966708
1462038583967847
1462038583968992
1462038583970135
1462038583971292
1462038583972439
1462038583973588
1462038583974729
1462038583975876
1462038583977023
1462038583978198
1462038583979371
1462038583980509
1462038583981655
1462038583982812
1462038583983948
1462038583985094
1462038583986240
1462038583987398
1462038583988537
1462038583989664
1462038583990785
1462038583991926
1462038583993041
1462038583994170
1462038583995335
1462038583996506
1462038583997688
1462038583998826
1462038583999979
1462038584001124
1462038584002270
1462038584003437
1462038584004574
1462038584005722
1462038584006871
1462038584008027
1462038584009176
1462038584010333
1462038584011493
1462038584012650
1462038584013806
1462038584014965
1462038584016121
1462038584017277
1462038584018435
1462038584019591
1462038584020746
1462038584021891
1462038584022997
1462038584024241
1462038584025392
1462038584026552
1462038584027698
1462038584028844
1462038584029990
1462038584031149
1462038584032285
1462038584033431
1462038584034584
1462038584035727
1462038584036873
1462038584038019
1462038584039177
1462038584040324
1462038584041470
1462038584042621
1462038584043765
1462038584044911
1462038584046028
1462038584047126
1462038584048290
1462038584049450
1462038584050614
1462038584051749
1462038584052874
1462038584053988
1462038584055108
1462038584056227
1462038584057376
1462038584058608
1462038584059760
1462038584060910
1462038584062059
1462038584063212
1462038584064337
1462038584065480
1462038584066617
1462038584067760
1462038584068920
1462038584070046
1462038584071207
1462038584072374
1462038584073525
1462038584074682
1462038584075865
1462038584077063
1462038584078228
1462038584079379
1462038584080502
1462038584081640
1462038584082827
1462038584083991
1462038584085115
1462038584086247
1462038584087404
1462038584088555
1462038584089689
1462038584090862
1462038584092073
1462038584093259
1462038584094434
1462038584095550
1462038584096682
1462038584097869
1462038584099060
1462038584100210
1462038584101357
1462038584102566
1462038584103714
1462038584104862
1462038584106010
1462038584107159
1462038584108306
1462038584109454
1462038584110578
1462038584111845
1462038584113014
1462038584114141
1462038584115266
1462038584116379
1462038584117529
1462038584118650
1462038584119777
1462038584120953
1462038584122116
1462038584123264
1462038584124407
1462038584125556
1462038584126707
1462038584127851
1462038584128999
1462038584130142
1462038584131299
1462038584132447
1462038584133593
1462038584134743
1462038584135885
1462038584137039
1462038584138185
1462038584139332
1462038584140481
1462038584141619
1462038584142749
1462038584143890
1462038584145036
1462038584146152
1462038584147263
1462038584148461
1462038584149637
1462038584150821
1462038584151970
1462038584153117
1462038584154267
1462038584155417
1462038584156537
1462038584157697
1462038584158851
1462038584160002
1462038584161151
1462038584162299
1462038584163448
1462038584164584
1462038584165737
1462038584166857
1462038584167993
1462038584169162
1462038584170338
1462038584171517
1462038584172723
1462038584173908
1462038584175098
1462038584176253
1462038584177370
1462038584178473
1462038584179696
1462038584180894
1462038584182090
1462038584183277
1462038584184457
1462038584185641
1462038584186845
1462038584188044
1462038584189263
1462038584190435
1462038584191545
1462038584192663
1462038584193810
1462038584194963
1462038584196109
1462038584197238
1462038584198388
1462038584199521
1462038584200651
1462038584201789
1462038584202976
1462038584204162
1462038584205312
1462038584206450
1462038584207579
1462038584208741
1462038584209886
1462038584211102
1462038584212275
1462038584213405
1462038584214576
1462038584215711
1462038584216872
1462038584218041
1462038584219231
1462038584220385
1462038584221538
1462038584222691
1462038584223842
1462038584224994
1462038584226146
1462038584227304
1462038584228458
1462038584229609
1462038584230764
1462038584231916
1462038584233066
1462038584234219
1462038584235374
1462038584236501
1462038584237619
1462038584238755
1462038584239897
1462038584241080
1462038584242266
1462038584243434
1462038584244585
1462038584245736
1462038584246890
1462038584248027
1462038584249187
1462038584250338
1462038584251490
1462038584252648
1462038584253801
1462038584254957
1462038584256112
1462038584257274
1462038584258427
1462038584259578
1462038584260732
1462038584261860
1462038584262989
1462038584264141
1462038584265280
1462038584266432
1462038584267578
1462038584268722
1462038584269859
1462038584271003
1462038584272160
1462038584273316
1462038584274470
1462038584275663
1462038584276811
1462038584277960
1462038584279113
1462038584280262
1462038584281420
1462038584282591
1462038584283735
1462038584284884
1462038584286020
1462038584287184
1462038584288352
1462038584289529
1462038584290699
1462038584291847
1462038584292996
1462038584294145
1462038584295303
1462038584296439
1462038584297578
1462038584298691
1462038584299829
1462038584301004
1462038584302184
1462038584303369
1462038584304545
1462038584305687
1462038584306876
1462038584308048
1462038584309193
1462038584310323
1462038584311421
1462038584312589
1462038584313769
1462038584314929
1462038584316090
1462038584317239
1462038584318388
1462038584319498
1462038584320650
1462038584321798
1462038584322947
1462038584324095
1462038584325243
1462038584326394
1462038584327538
1462038584328676
1462038584329825
1462038584330980
1462038584332138
1462038584333278
1462038584334400
1462038584335524
1462038584336680
1462038584337837
1462038584338995
1462038584340151
1462038584341310
1462038584342471
1462038584343678
1462038584344832
1462038584345985
1462038584347142
1462038584348295
1462038584349448
1462038584350608
1462038584351762
1462038584352914
1462038584354067
1462038584355223
1462038584356376
1462038584357501
1462038584358604
1462038584359737
1462038584360857
1462038584362036
1462038584363223
1462038584364375
1462038584365496
1462038584366634
1462038584367783
1462038584368932
1462038584370082
1462038584371234
1462038584372386
1462038584373545
1462038584374696
1462038584375842
1462038584376987
1462038584378131
1462038584379278
1462038584380428
1462038584381548
1462038584382656
1462038584383775
1462038584384930
1462038584386113
1462038584387270
1462038584388393
1462038584389497
1462038584390608
1462038584391760
1462038584392939
1462038584394121
1462038584395256
1462038584396405
1462038584397554
1462038584398711
1462038584399876
1462038584401023
1462038584402172
1462038584403321
1462038584404468
1462038584405640
1462038584406793
1462038584407914
1462038584409085
1462038584410277
1462038584411460
1462038584412635
1462038584413810
1462038584414992
1462038584416169
1462038584417343
1462038584418502
1462038584419697
1462038584420821
1462038584421936
1462038584423125
1462038584424301
1462038584425453
1462038584426613
1462038584427759
1462038584428906
1462038584430016
1462038584431138
1462038584432308
1462038584433493
1462038584434668
1462038584435840
1462038584437011
1462038584438180
1462038584439352
1462038584440531
1462038584441699
1462038584442874
1462038584444040
1462038584445211
